0 13 15 9 13 20 12 15 22
13 0 12 10 10 14 23 20 20
15 12 0 13 8 12 20 11 8
9 10 13 0 6 19 13 12 20
13 10 8 6 0 19 19 13 14
20 14 12 19 19 0 24 15 12
12 23 20 13 19 24 0 14 26
15 20 11 12 13 15 14 0 12
22 20 8 20 14 12 26 12 0